2
-1.05 0.419355
-1.04348 0.37037
-1.04348 0.47619
-1.02083 0.304348
-1.02083 0.505263
-1 0.52
-0.988095 0.266667
-0.967742 0.387097
-0.967742 0.705882
-0.964286 0.246753
-0.964286 0.411765
-0.964286 0.55
-0.958333 0.36
-0.941176 0.44
-0.941176 0.56
-0.9375 0.327869
-0.93046 0.563817
-0.923077 0.230769
-0.911765 0.458333
-0.909091 0.304348
-0.909091 0.571429
-0.90373 0.46196
-0.888889 0.388889
-0.888889 0.405405
-0.888889 0.705882
-0.884615 0.285714
-0.884615 0.470588
-0.878788 0.363636
-0.875 0.230769
-0.863636 0.285714
-0.852941 0.583333
-0.84127 0.288889
-0.84 0.478261
-0.837209 0.347826
-0.823529 0.233333
-0.821429 0.478261
-0.821429 0.583333
-0.819149 0.291667
-0.814815 0.347826
-0.806452 0.7
-0.8 0.294118
-0.8 0.36
-0.8 0.466667
-0.785714 0.447368
-0.777778 0.375
-0.777778 0.424242
-0.775 0.4
-0.761905 0.30303
-0.75 0.558824
-0.741935 0.243902
-0.736842 0.535714
-0.733333 0.314286
-0.730769 0.52
-0.727273 0.487805
-0.727273 0.65625
-0.72 0.336735
-0.72 0.387097
-0.72 0.444444
-0.6875 0.272727
-0.675 0.590909
-0.647059 0.304348
-0.631579 0.521739
-0.611111 0.434783
