2
-0.947368 0.107143
-0.89009 0.0838365
-0.886239 0.116477
-0.832813 0.0605299
-0.825109 0.125812
-0.775535 0.0372234
-0.76398 0.135146
-0.718257 0.0139168
-0.702851 0.144481
-0.651193 -0.0133719
-0.641721 0.153815
-0.611111 -0.568182
-0.591427 -0.510399
-0.584129 -0.0406606
-0.580592 0.163149
-0.571743 -0.452615
-0.56698 -0.526005
-0.552058 -0.394832
-0.532374 -0.337048
-0.522849 -0.483829
-0.519462 0.172484
-0.517064 -0.0679494
-0.511781 -0.276596
-0.491187 -0.216143
-0.478719 -0.441652
-0.470594 -0.155691
-0.458333 0.181818
-0.45 -0.0952381
-0.434588 -0.399475
-0.425872 0.261321
-0.393412 0.340823
-0.390457 -0.357299
-0.377181 0.380575
-0.360951 0.420326
-0.346326 -0.315122
-0.32849 0.499829
-0.302196 -0.272946
-0.298451 0.573401
-0.268412 0.646973
-0.258065 -0.230769
-0.238372 0.720546
-0.208333 0.794118
-0.197093 -0.27807
-0.185497 0.718001
-0.174078 0.679943
-0.16266 0.641885
-0.139823 0.565768
-0.13612 -0.325372
-0.116987 0.489652
-0.0941505 0.413535
-0.0827323 0.375477
-0.0751481 -0.372673
-0.071314 0.337418
-0.0484775 0.261302
-0.0322581 -0.0833333
-0.025641 0.185185
-0.0141758 -0.419974
-0.00218421 -0.146991
0.0278897 -0.210648
0.0371428 -0.0611293
0.0400641 0.172906
0.0414514 -0.463129
0.0579636 -0.274306
0.0880374 -0.337963
0.0970786 -0.506284
0.105769 0.160628
0.106544 -0.0389253
0.118111 -0.401621
0.148185 -0.465278
0.152706 -0.549438
0.171474 0.148349
0.175945 -0.0167212
0.178259 -0.528936
0.208333 -0.592593
0.237179 0.136071
0.245346 0.00548278
0.302885 0.123792
0.309009 0.0258512
0.36859 0.111514
0.372673 0.0462196
0.434295 0.0992351
0.436336 0.0665881
0.5 0.0869565
